MEMORY
  total           14514 KB
  struct            159 KB
  buffer             19 KB
  arena           14336 KB, used 0.2%

SIZES
  narena                14680064
  nbuffer               19168
  nplugin               0
  maxuse_stack          3744
  maxuse_arena          32460
  maxuse_con            6
  maxuse_efc            28
  ncon                  1
  ne                    0
  nf                    4
  nl                    0
  nefc                  8
  nJ                    112
  nA                    0
  nisland               1
  nidof                 14
  ntree_awake           1
  nbody_awake           10
  nparent_awake         9
  nv_awake              14
  flg_energypos         0
  flg_energyvel         0
  flg_subtreevel        0
  flg_rnepost           1
  threadpool            0

TIMER
    0:  duration =  0.14       number = 10
    1:  duration =  0.13       number = 10
    2:  duration =  0          number = 0
    3:  duration =  0.072      number = 10
    4:  duration =  0.0082     number = 10
    5:  duration =  0.0019     number = 10
    6:  duration =  0.039      number = 10
    7:  duration =  0.0057     number = 10
    8:  duration =  0.012      number = 10
    9:  duration =  0.0067     number = 10
    10:  duration =  0.029      number = 10
    11:  duration =  0.022      number = 10
    12:  duration =  0.00034    number = 10
    13:  duration =  0.014      number = 10
    14:  duration =  0.014      number = 10

SOLVER STAT
  solver_fwdinv =   0         0       
  ISLAND 0
    solver_niter = 3
    solver_nnz = 196
      0:  improvement =  1.1e+02     gradient =  0.12        lineslope =  1e-16   
          nactive = 7   nchange = 1   neval = 3   nupdate = 1
      1:  improvement =  0.012       gradient =  0.033       lineslope =  3e-18   
          nactive = 6   nchange = 1   neval = 3   nupdate = 1
      2:  improvement =  0.0026      gradient =  3.1e-16     lineslope =  0       
          nactive = 6   nchange = 0   neval = 2   nupdate = 0

ENERGY =   0         0       

TIME =  14      

QPOS
  -0.33    
   0.14    
   0.31    
   0.56    
  -0.38    
   0.29    
   0.68    
   0.74    
   1.2     
   0.21    
   0.77    
   1.2     
   0.21    
   0.37    
   1.3     

QVEL
  -0.14    
   0.028   
   0.094   
   0.45    
   0.41    
  -0.56    
   6.5     
   6.9     
   1.4     
   7.1     
   6.9     
  -0.23    
   4.6     
   5.6     

QACC_WARMSTART
   5       
   1.4     
  -3.1     
   15      
  -1       
   14      
  -1.2e+02 
  -3.9e+02 
  -1.3e+02 
  -73      
  -92      
  -27      
  -84      
  -1.4e+02 

CTRL
   1.1     
   1.8     
   1.1     
   1.8     
   0.49    
   1.4     

QFRC_APPLIED
   0       
   0       
   0       
   0       
   0       
   0       
   0       
   0       
   0       
   0       
   0       
   0       
   0       
   0       

XFRC_APPLIED
   0         0         0         0         0         0       
   0         0         0         0         0         0       
   0         0         0         0         0         0       
   0         0         0         0         0         0       
   0         0         0         0         0         0       
   0         0         0         0         0         0       
   0         0         0         0         0         0       
   0         0         0         0         0         0       
   0         0         0         0         0         0       
   0         0         0         0         0         0       

QACC
   5       
   1.4     
  -3.1     
   15      
  -1       
   14      
  -1.2e+02 
  -3.9e+02 
  -1.3e+02 
  -73      
  -92      
  -27      
  -84      
  -1.4e+02 

SENSOR
  -5.2     
  -5.4     
   3.9     
   0.42    
   0.41    
  -0.59    
   0.56    
  -0.38    
   0.29    
   0.68    
   0.75    
   7.2     
   1.2     
   7       
   0.73    
   6.8     
   1.2     
   7.7     
   0.36    
   4.7     
   1.3     
   5.8     

TREE_ASLEEP
  -11

XPOS
   0         0         0       
  -0.33      0.14      0.31    
  -0.52      0.045     0.38    
  -0.5      -0.0041    0.19    
  -0.46     -0.2       0.17    
  -0.13      0.13      0.4     
  -0.11      0.083     0.2     
  -0.068    -0.11      0.18    
  -0.3      -0.023     0.56    
  -0.36      0.3       0.057   

XQUAT
   1         0         0         0       
   0.56     -0.38      0.29      0.68    
   0.63     -0.11      0.068     0.77    
   0.47     -0.53      0.41      0.57    
   0.63     -0.085     0.046     0.77    
   0.63     -0.1       0.06      0.77    
   0.48     -0.52      0.41      0.58    
   0.63     -0.072     0.036     0.77    
   0.43     -0.32      0.35      0.77    
   0.62      0.093    -0.098     0.77    

XMAT
   1         0         0         0         1         0         0         0         1       
  -0.085    -0.98     -0.19      0.54     -0.21      0.81     -0.83     -0.035     0.55    
  -0.19     -0.98     -0.086     0.95     -0.21      0.24     -0.26     -0.035     0.97    
   0.016    -0.98     -0.21      0.096    -0.21      0.97     -1        -0.035     0.091   
  -0.2      -0.98     -0.073     0.96     -0.21      0.18     -0.19     -0.035     0.98    
  -0.19     -0.98     -0.082     0.95     -0.21      0.22     -0.23     -0.035     0.97    
   0.0085   -0.98     -0.21      0.13     -0.21      0.97     -0.99     -0.035     0.12    
  -0.2      -0.98     -0.067     0.97     -0.21      0.15     -0.16     -0.035     0.99    
  -0.43     -0.88     -0.19      0.44     -0.39      0.81     -0.79      0.26      0.55    
  -0.21     -0.98      0.022     0.94     -0.21     -0.27      0.27     -0.035     0.96    

XIPOS
   0         0         0       
  -0.33      0.14      0.31    
  -0.51      0.02      0.29    
  -0.48     -0.1       0.18    
  -0.45     -0.21      0.099   
  -0.12      0.11      0.3     
  -0.089    -0.014     0.19    
  -0.063    -0.12      0.1     
  -0.22     -0.11      0.72    
  -0.39      0.44      0.097   

XIMAT
   1         0         0         0         1         0         0         0         1       
  -0.085    -0.98     -0.19      0.54     -0.21      0.81     -0.83     -0.035     0.55    
  -0.19     -0.98     -0.086     0.95     -0.21      0.24     -0.26     -0.035     0.97    
   0.016    -0.98     -0.21      0.096    -0.21      0.97     -1        -0.035     0.091   
  -0.2      -0.98     -0.073     0.96     -0.21      0.18     -0.19     -0.035     0.98    
  -0.19     -0.98     -0.082     0.95     -0.21      0.22     -0.23     -0.035     0.97    
   0.0085   -0.98     -0.21      0.13     -0.21      0.97     -0.99     -0.035     0.12    
  -0.2      -0.98     -0.067     0.97     -0.21      0.15     -0.16     -0.035     0.99    
   0.19     -0.88     -0.43     -0.81     -0.39      0.44     -0.55      0.26     -0.79    
   0.022    -0.98      0.21     -0.27     -0.21     -0.94      0.96     -0.035    -0.27    

XANCHOR
  -0.33      0.14      0.31    
  -0.52      0.045     0.38    
  -0.5      -0.0041    0.19    
  -0.46     -0.2       0.17    
  -0.13      0.13      0.4     
  -0.11      0.083     0.2     
  -0.068    -0.11      0.18    
  -0.3      -0.023     0.56    
  -0.36      0.3       0.057   

XAXIS
   0         0         1       
   0.98      0.21      0.035   
  -0.98     -0.21     -0.035   
  -0.98     -0.21     -0.035   
   0.98      0.21      0.035   
  -0.98     -0.21     -0.035   
  -0.98     -0.21     -0.035   
  -0.19      0.81      0.55    
   0.98      0.21      0.035   

GEOM_XPOS
   0         0         0       
  -0.33      0.14      0.31    
  -0.51      0.02      0.29    
  -0.48     -0.1       0.18    
  -0.45     -0.21      0.099   
  -0.12      0.11      0.3     
  -0.089    -0.014     0.19    
  -0.063    -0.12      0.1     
  -0.22     -0.11      0.72    
  -0.39      0.44      0.097   

GEOM_XMAT
   1         0         0         0         1         0         0         0         1       
  -0.085    -0.98     -0.19      0.54     -0.21      0.81     -0.83     -0.035     0.55    
  -0.19     -0.98     -0.086     0.95     -0.21      0.24     -0.26     -0.035     0.97    
   0.016    -0.98     -0.21      0.096    -0.21      0.97     -1        -0.035     0.091   
  -0.2      -0.98     -0.073     0.96     -0.21      0.18     -0.19     -0.035     0.98    
  -0.19     -0.98     -0.082     0.95     -0.21      0.22     -0.23     -0.035     0.97    
   0.0085   -0.98     -0.21      0.13     -0.21      0.97     -0.99     -0.035     0.12    
  -0.2      -0.98     -0.067     0.97     -0.21      0.15     -0.16     -0.035     0.99    
   0.19     -0.88     -0.43     -0.81     -0.39      0.44     -0.55      0.26     -0.79    
   0.022    -0.98      0.21     -0.27     -0.21     -0.94      0.96     -0.035    -0.27    

SITE_XPOS
  -0.33      0.14      0.31    

SITE_XMAT
  -0.085    -0.98     -0.19      0.54     -0.21      0.81     -0.83     -0.035     0.55    

SUBTREE_COM
  -0.3       0.05      0.31    
  -0.3       0.05      0.31    
  -0.49     -0.046     0.23    
  -0.47     -0.13      0.16    
  -0.45     -0.21      0.099   
  -0.098     0.024     0.23    
  -0.078    -0.057     0.16    
  -0.063    -0.12      0.1     
  -0.22     -0.11      0.72    
  -0.39      0.44      0.097   

CDOF
   0         0         0         1         0         0       
   0         0         0         0         1         0       
   0         0         0         0         0         1       
  -0.085     0.54     -0.83     -0.076    -0.027    -0.0097  
  -0.98     -0.21     -0.035    -0.0029   -0.0024    0.095   
  -0.19      0.81      0.55      0.049     0.017    -0.0085  
   0.98      0.21      0.035    -0.016     0.084    -0.04    
  -0.98     -0.21     -0.035    -0.022     0.11     -0.011   
  -0.98     -0.21     -0.035    -0.019     0.13     -0.21    
   0.98      0.21      0.035    -0.016     0.084    -0.04    
  -0.98     -0.21     -0.035    -0.022     0.11     -0.0063  
  -0.98     -0.21     -0.035    -0.021     0.13     -0.2     
  -0.19      0.81      0.55     -0.24     -0.045    -0.019   
   0.98      0.21      0.035     0.06     -0.24     -0.26    

CINERT
   0         0         0         0         0         0         0         0         0         0       
   0.062     0.04      0.036     0.0062   -0.0028    0.018    -0.048     0.14      0.0019    1.5     
   0.0031    0.025     0.023    -0.003    -0.0018   -0.00082  -0.11     -0.015    -0.0095    0.5     
   0.013     0.015     0.018    -0.0079   -0.0067   -0.0058   -0.054    -0.045    -0.037     0.3     
   0.011     0.007     0.0093   -0.004    -0.0032   -0.0055   -0.015    -0.026    -0.021     0.1     
   0.0041    0.019     0.018    -0.005     0.00067  -0.00035   0.09      0.028    -0.0027    0.5     
   0.0065    0.017     0.016     0.0043    0.0073   -0.0024    0.063    -0.019    -0.035     0.3     
   0.015     0.02      0.017     0.0081    0.0095   -0.007     0.047    -0.034    -0.04      0.2     
   0.083     0.075     0.015     0.0062   -0.015     0.028     0.032    -0.064     0.16      0.4     
   0.021     0.0053    0.017     0.0037   -0.0018    0.008    -0.0089    0.04     -0.021     0.1     

ACTUATOR_LENGTH
   0.75    
   1.2     
   0.73    
   1.2     
   0.36    
   1.3     

actuator_moment
----------------
          x     |
           x    |
       x        |
        x       |
             x  |
              x |
----------------

ACTUATOR_MOMENT
     9:  1       
    10:  1       
     6:  1       
     7:  1       
    12:  1       
    13:  1       

CRB
   0         0         0         0         0         0         0         0         0         0       
   0.22      0.22      0.17      0.0085   -0.014     0.033     3.1e-16  -6.9e-17  -5.6e-17   3.9     
   0.027     0.046     0.05     -0.015    -0.012    -0.012    -0.17     -0.086    -0.068     0.9     
   0.024     0.022     0.027    -0.012    -0.0099   -0.011    -0.07     -0.071    -0.058     0.4     
   0.011     0.007     0.0093   -0.004    -0.0032   -0.0055   -0.015    -0.026    -0.021     0.1     
   0.025     0.056     0.051     0.0074    0.017    -0.0097    0.2      -0.026    -0.077     1       
   0.021     0.037     0.033     0.012     0.017    -0.0093    0.11     -0.053    -0.075     0.5     
   0.015     0.02      0.017     0.0081    0.0095   -0.007     0.047    -0.034    -0.04      0.2     
   0.083     0.075     0.015     0.0062   -0.015     0.028     0.032    -0.064     0.16      0.4     
   0.021     0.0053    0.017     0.0037   -0.0018    0.008    -0.0089    0.04     -0.021     0.1     

QM
   3.9     
   0         3.9     
   0         0         3.9     
  -0.3      -0.1      -0.038     0.18    
  -0.011    -0.0093    0.37     -0.015     0.26    
   0.19      0.067    -0.033    -0.0075   -0.0072    0.25    
  -0.026     0.14     -0.084     0.014    -0.037    -0.029     0.046   
   0.00069  -0.012     0.051     0.0036    0.017     0.0099   -0.015     0.013   
   0.0015   -0.0072    0.0014   -0.0011    0.0022    0.001    -0.0028    0.0013    0.011   
  -0.031     0.17     -0.11     -0.017    -0.051     0.036                                   0.062   
   0.0024   -0.024     0.072    -0.004     0.026    -0.015                                  -0.024     0.018   
   0.003    -0.015     0.0024    0.0022    0.0044   -0.002                                  -0.0055    0.0026    0.012   
   0.071     0.031    -0.021    -3.1e-18   4.3e-19   0.045                                                                 0.033   
   0.00032  -0.004     0.014     1.1e-18  -0.0046    1.5e-18                                                                         0.013   

M
     0:  3.9     
     0:  0          1:  3.9     
     0:  0          1:  0          2:  3.9     
     0: -0.3        1: -0.1        2: -0.038      3:  0.18    
     0: -0.011      1: -0.0093     2:  0.37       3: -0.015      4:  0.26    
     0:  0.19       1:  0.067      2: -0.033      3: -0.0075     4: -0.0072     5:  0.25    
     0: -0.026      1:  0.14       2: -0.084      3:  0.014      4: -0.037      5: -0.029      6:  0.046   
     0:  0.00069    1: -0.012      2:  0.051      3:  0.0036     4:  0.017      5:  0.0099     6: -0.015      7:  0.013   
     0:  0.0015     1: -0.0072     2:  0.0014     3: -0.0011     4:  0.0022     5:  0.001      6: -0.0028     7:  0.0013     8:  0.011   
     0: -0.031      1:  0.17       2: -0.11       3: -0.017      4: -0.051      5:  0.036      9:  0.062   
     0:  0.0024     1: -0.024      2:  0.072      3: -0.004      4:  0.026      5: -0.015      9: -0.024     10:  0.018   
     0:  0.003      1: -0.015      2:  0.0024     3:  0.0022     4:  0.0044     5: -0.002      9: -0.0055    10:  0.0026    11:  0.012   
     0:  0.071      1:  0.031      2: -0.021      3: -3.1e-18    4:  4.3e-19    5:  0.045     12:  0.033   
     0:  0.00032    1: -0.004      2:  0.014      3:  1.1e-18    4: -0.0046     5:  1.5e-18   13:  0.013   

QLD
     0:  3       
     0:  0.022      1:  2.5     
     0:  0.0045     1:  0.038      2:  3.2     
     0: -2.1        1: -0.49       2: -0.098      3:  0.15    
     0: -0.26       1:  1.1        2:  1          3: -0.09       4:  0.18    
     0:  0.66       1:  0.095      2:  0.047      3:  0.069      4: -0.0015     5:  0.14    
     0: -0.88       1:  4.3        2: -0.85       3:  0.64       4: -0.59       5: -0.63       6:  0.028   
     0:  0.042      1: -0.9        2:  4.1        3:  0.3        4:  1.3        5:  0.78       6: -1.2        7:  0.012   
     0:  0.14       1: -0.66       2:  0.13       3: -0.099      4:  0.21       5:  0.096      6: -0.26       7:  0.12       8:  0.011   
     0: -0.91       1:  4.4        2: -0.49       3: -0.7        4: -0.57       5:  0.58       9:  0.03    
     0:  0.098      1: -1.2        2:  4          3: -0.25       4:  1.4        5: -0.8        9: -1.3       10:  0.018   
     0:  0.25       1: -1.2        2:  0.2        3:  0.19       4:  0.38       5: -0.17       9: -0.47      10:  0.22      11:  0.012   
     0:  2.2        1:  0.95       2: -0.65       3: -9.7e-17    4:  1.3e-17    5:  1.4       12:  0.033   
     0:  0.024      1: -0.3        2:  1.1        3:  8.1e-17    4: -0.35       5:  1.1e-16   13:  0.013   

QLDIAGINV
   0.34    
   0.41    
   0.32    
   6.8     
   5.7     
   7       
   36      
   81      
   92      
   33      
   56      
   85      
   31      
   76      

M: inertia structure
----------------
 x              |
 xx             |
 xxx            |
 xxxx           |
 xxxxx          |
 xxxxxx         |
 xxxxxxx        |
 xxxxxxxx       |
 xxxxxxxxx      |
 xxxxxx   x     |
 xxxxxx   xx    |
 xxxxxx   xxx   |
 xxxxxx      x  |
 xxxxxx       x |
----------------

iM: block-diagonal inertia (nnzs are island ids)
----------------
 0              |
 00             |
 000            |
 0000           |
 00000          |
 000000         |
 0000000        |
 00000000       |
 000000000      |
 000000   0     |
 000000   00    |
 000000   000   |
 000000      0  |
 000000       0 |
----------------

QH
     0:  3       
     0:  0.022      1:  2.5     
     0:  0.0039     1:  0.039      2:  3.2     
     0: -2.1        1: -0.49       2: -0.098      3:  0.15    
     0: -0.26       1:  1.1        2:  1          3: -0.09       4:  0.18    
     0:  0.67       1:  0.1        2:  0.04       3:  0.067      4: -0.0015     5:  0.15    
     0: -0.87       1:  4.3        2: -0.87       3:  0.63       4: -0.59       5: -0.62       6:  0.028   
     0:  0.043      1: -0.89       2:  4          3:  0.3        4:  1.3        5:  0.77       6: -1.2        7:  0.013   
     0:  0.12       1: -0.58       2:  0.11       3: -0.086      4:  0.18       5:  0.084      6: -0.22       7:  0.1        8:  0.012   
     0: -0.9        1:  4.3        2: -0.51       3: -0.68       4: -0.57       5:  0.57       9:  0.031   
     0:  0.1        1: -1.2        2:  4          3: -0.24       4:  1.4        5: -0.79       9: -1.3       10:  0.018   
     0:  0.22       1: -1.1        2:  0.18       3:  0.17       4:  0.33       5: -0.15       9: -0.42      10:  0.19      11:  0.013   
     0:  2.1        1:  0.92       2: -0.63       3: -9.4e-17    4:  1.3e-17    5:  1.3       12:  0.034   
     0:  0.023      1: -0.28       2:  1          3:  7.5e-17    4: -0.33       5:  1.1e-16   13:  0.014   

QHDIAGINV
   0.34    
   0.4     
   0.32    
   6.7     
   5.6     
   6.9     
   35      
   79      
   80      
   32      
   56      
   75      
   30      
   70      

TREE_AWAKE
  1

BODY_AWAKE
  -1 1 1 1 1 1 1 1 1 1

BODY_AWAKE_IND
  0 1 2 3 4 5 6 7 8 9

PARENT_AWAKE_IND
  1 2 3 4 5 6 7 8 9

DOF_AWAKE_IND
  0 1 2 3 4 5 6 7 8 9 10 11 12 13

CONTACT
  0:
     dim           3
     geoms         floor : body_geom
     exclude       0
     efc_address   4
     solref         0.02      1       
     solimp         0.9       0.95      0.001     0.5       2       
     dist          -0.0016  
     includemargin  0       
     pos           -0.43      0.2      -0.00081 
     frame          0         0         1         0         1         0        -1         0         0       
     friction       1.2       1.2       0.1       0.1       0.1     
     mu             1.2     
     force          27       -14       -18        0         0         0       

EFC_TYPE
  1
  1
  1
  1
  6
  6
  6
  6

EFC_ID
  6
  7
  9
  10
  0
  0
  0
  0

EFC_J
   0         0         0         0         0         0         1         0         0         0         0         0         0         0       
   0         0         0         0         0         0         0         1         0         0         0         0         0         0       
   0         0         0         0         0         0         0         0         0         1         0         0         0         0       
   0         0         0         0         0         0         0         0         0         0         1         0         0         0       
   0         1.2       1         0.12     -0.44     -0.067     0         0         0         0         0         0         0         0       
   0        -1.2       1        -0.021     0.28      0.21      0         0         0         0         0         0         0         0       
  -1.2       0         1         0.19     -0.16      0.41      0         0         0         0         0         0         0         0       
   1.2       0         1        -0.088    -0.0025   -0.27      0         0         0         0         0         0         0         0       

IEFC_J
   0         0         0         0         0         0         1         0         0         0         0         0         0         0       
   0         0         0         0         0         0         0         1         0         0         0         0         0         0       
   0         0         0         0         0         0         0         0         0         1         0         0         0         0       
   0         0         0         0         0         0         0         0         0         0         1         0         0         0       
   0         1.2       1         0.12     -0.44     -0.067     0         0         0         0         0         0         0         0       
   0        -1.2       1        -0.021     0.28      0.21      0         0         0         0         0         0         0         0       
  -1.2       0         1         0.19     -0.16      0.41      0         0         0         0         0         0         0         0       
   1.2       0         1        -0.088    -0.0025   -0.27      0         0         0         0         0         0         0         0       

EFC_POS
   0       
   0       
   0       
   0       
  -0.0016  
  -0.0016  
  -0.0016  
  -0.0016  

EFC_MARGIN
   0       
   0       
   0       
   0       
   0       
   0       
   0       
   0       

EFC_FRICTIONLOSS
   0.2     
   0.2     
   0.2     
   0.2     
   0       
   0       
   0       
   0       

EFC_DIAGAPPROX
   59      
   2e+02   
   58      
   1.9e+02 
   2.5     
   2.5     
   2.5     
   2.5     

EFC_KBIP
   0         1.1e+02   0.9       0       
   0         1.1e+02   0.9       0       
   0         1.1e+02   0.9       0       
   0         1.1e+02   0.9       0       
   2.8e+03   1.1e+02   0.95      0       
   2.8e+03   1.1e+02   0.95      0       
   2.8e+03   1.1e+02   0.95      0       
   2.8e+03   1.1e+02   0.95      0       

EFC_D
   0.15    
   0.044   
   0.16    
   0.048   
   7.6     
   7.6     
   7.6     
   7.6     

EFC_R
   6.5     
   23      
   6.4     
   21      
   0.13    
   0.13    
   0.13    
   0.13    

ACTUATOR_VELOCITY
   7.2     
   7       
   6.8     
   7.7     
   4.7     
   5.8     

CVEL
   0         0         0         0         0         0       
  -0.32     -0.33     -0.69     -0.21      0.0028    0.14    
   6.3       1.1      -0.45     -0.32      0.57     -0.13    
  -1.2      -0.52     -0.72     -0.49      1.4      -0.21    
  -2.8      -0.85     -0.78     -0.52      1.6      -0.55    
   6.7       1.2      -0.44     -0.33      0.61     -0.15    
  -0.16     -0.3      -0.69     -0.48      1.4      -0.19    
   0.011    -0.26     -0.68     -0.48      1.3      -0.16    
  -1.2       3.5       1.9      -1.4      -0.21      0.05    
   5.4       0.87     -0.49      0.14     -1.4      -1.4     

CDOF_DOT
   0         0         0         0         0         0       
   0         0         0         0         0         0       
   0         0         0         0         0         0       
  -0         0         0        -0.076    -0.13     -0.078   
   0         0         0         0.02     -0.1       0.055   
   0        -0         0        -0.068     0.062    -0.12    
   0.13     -0.67      0.26      0.042     0.14     -0.079   
  -0.13      0.67     -0.26     -0.011     0.2       1.3     
  -0.13      0.67     -0.26      0.11     -0.043     1.3     
   0.13     -0.67      0.26      0.042     0.14     -0.079   
  -0.13      0.67     -0.26     -0.013     0.19      1.4     
  -0.13      0.67     -0.26      0.064     0.15      1.4     
   0.38      0.31     -0.32     -0.14      0.25     -0.24    
   0.13     -0.67      0.26     -0.11      0.019     0.051   

QFRC_BIAS
   1.1     
   3.5     
   49      
  -1.2     
   5.4     
  -0.66    
  -1.2     
   0.88    
   0.0065  
  -1.6     
   1.3     
   0.01    
  -0.2     
   0.14    

QFRC_SPRING
   0       
   0       
   0       
   0       
   0       
   0       
   0       
   0       
  -0.27    
   0       
   0       
  -0.29    
   0       
   0       

QFRC_DAMPER
   0       
   0       
   0       
   0       
   0       
   0       
  -0.68    
  -0.77    
  -1.3     
  -0.72    
  -0.7     
   0.14    
  -2.4     
  -2.9     

QFRC_GRAVCOMP
   0       
   0       
   0       
   0       
   0       
   0       
   0       
   0       
   0       
   0       
   0       
   0       
   0       
   0       

QFRC_FLUID
   0       
   0       
   0       
   0       
   0       
   0       
   0       
   0       
   0       
   0       
   0       
   0       
   0       
   0       

QFRC_PASSIVE
   0       
   0       
   0       
   0       
   0       
   0       
  -0.68    
  -0.77    
  -1.6     
  -0.72    
  -0.7     
  -0.15    
  -2.4     
  -2.9     

EFC_VEL
   6.8     
   7.7     
   7.2     
   7       
   0.044   
   0.048   
   0.049   
   0.043   

EFC_AREF
  -7.1e+02 
  -8.1e+02 
  -7.6e+02 
  -7.4e+02 
  -0.43    
  -0.8     
  -0.9     
  -0.33    

SUBTREE_LINVEL
   0         0         0       
   0         0         0       
   0         0         0       
   0         0         0       
   0         0         0       
   0         0         0       
   0         0         0       
   0         0         0       
   0         0         0       
   0         0         0       

SUBTREE_ANGMOM
   0         0         0       
   0         0         0       
   0         0         0       
   0         0         0       
   0         0         0       
   0         0         0       
   0         0         0       
   0         0         0       
   0         0         0       
   0         0         0       

ACTUATOR_FORCE
  -2.2     
   1.7     
   0.35    
  -1.3     
   0.56    
   1.2     

QFRC_ACTUATOR
   0       
   0       
   0       
   0       
   0       
   0       
   0.35    
  -1.3     
   0       
  -2.2     
   1.7     
   0       
   0.56    
   1.2     

QFRC_SMOOTH
  -1.1     
  -3.5     
  -49      
   1.2     
  -5.4     
   0.66    
   0.86    
  -3       
  -1.6     
  -1.2     
  -0.34    
  -0.16    
  -1.6     
  -1.9     

QACC_SMOOTH
  -0.55    
   7.9     
  -11      
   13      
  -19      
   28      
  -1.5e+02 
  -3.5e+02 
  -1.3e+02 
  -1.2e+02 
  -57      
  -34      
  -1e+02   
  -1.3e+02 

EFC_B
   5.6e+02 
   4.6e+02 
   6.4e+02 
   6.8e+02 
   7.2     
  -19      
   7.9     
  -20      

EFC_FORCE
  -0.2     
  -0.2     
  -0.2     
  -0.2     
   0       
   12      
   0       
   15      

EFC_STATE
  3
  3
  3
  3
  0
  1
  0
  1

QFRC_CONSTRAINT
   18      
  -14      
   27      
  -1.6     
   3.2     
  -1.5     
  -0.2     
  -0.2     
   0       
  -0.2     
  -0.2     
   0       
   0       
   0       

QFRC_INVERSE
   0       
   0       
   0       
   0       
   0       
   0       
   0       
   0       
   0       
   0       
   0       
   0       
   0       
   0       

CACC
   0         0         0        -0        -0         9.8     
  -3         20       -4.4       4.6       1.2       6.4     
  -1.2e+02  -9.8      -7         6.9      -8.1       11      
   2.5e+02   75        4.7       15       -47        25      
   3.8e+02   1e+02     8.8       18       -64        54      
  -74        0.071    -5.1       6.1      -3.9       8.8     
   15        24       -3.7       8.1      -12        19      
   42        29       -2.7       8.6      -16        25      
   15       -47       -52        24        6.1       6.9     
  -1.4e+02  -12       -7.7      -4.3       34        42      

CFRC_INT
   3.3e-16  -6.7e-16  -2.7e-15   6.2e-15  -4.4e-15   2.7e-15 
   3.3e-16  -6.7e-16  -2.7e-15   6.2e-15  -4.4e-15   2.7e-15 
   0.45      0.98      2         5.9      -7.6       5       
   1.1      -0.77      1         2.3      -3.5      -3.8     
   1.3      -0.47     -0.22     -0.023     1.4      -3.3     
  -1.2      -2.4      -1.5       5.7      -7.6       10      
  -1.3      -1.6      -0.87      2.4      -4.9       6       
  -0.65     -0.6      -0.27      0.62     -1.6       2.1     
   0.3      -1.2      -0.63     -1.6      -1.4       2.5     
  -0.64     -0.19     -0.1       0.19      0.2      -1.4     

CFRC_EXT
   0         0         0         0         0         0       
  -0.31     -1.8      -0.77      18       -14        27      
   0         0         0         0         0         0       
   0         0         0         0         0         0       
   0         0         0         0         0         0       
   0         0         0         0         0         0       
   0         0         0         0         0         0       
   0         0         0         0         0         0       
   0         0         0         0         0         0       
   0         0         0         0         0         0       

TREE_ISLAND
  0

ISLAND_NTREE
  1

ISLAND_ITREEADR
  0

MAP_ITREE2TREE
  0

DOF_ISLAND            0 0 0 0 0 0 0 0 0 0 0 0 0 0

ISLAND_NV             14

ISLAND_IDOFADR        0

MAP_IDOF2DOF          0 1 2 3 4 5 6 7 8 9 10 11 12 13

EFC_ISLAND            0 0 0 0 0 0 0 0

ISLAND_NEFC           8

ISLAND_IEFCADR        0

MAP_IEFC2EFC          0 1 2 3 4 5 6 7

